%YAML:1.0
---
model_type: PINHOLE
camera_name: camera
image_width: 800
image_height: 400
distortion_parameters:
   k1: -0.03696481607810142
   k2: 0.0102400942942071
   p1: -0.01632902510720569
   p2: 0.009597717025035516
projection_parameters:
   fx: 529.2496538273606
   fy: 529.4013679656194
   cx: 412.4733148308946
   cy: 172.1405434152354
