%YAML:1.0
---
model_type: PINHOLE
image_width: 1280
image_height: 560
camera_name: camera
distortion_parameters:
   k1: -5.6143027800000002e-02
   k2: 1.3952563200000001e-01
   p1: -1.2155906999999999e-03
   p2: -9.7281389999999998e-04
projection_parameters:
   fx: 816.90378992770002
   fy: 811.56803828490001
   cx: 608.50726281690004
   cy: 263.47599764440002
